50

4 7
4 5
1 5

16 12
94 36
94 12

596516650 23000073
428685712 23000073
428685712 189641422

783368691 102520060
478160381 102520060
478160381 19632786

304089172 222688882
365180541 540383427
304089172 540383427

35005212 521595369
14660871 521595369
14660871 162170322

278722862 233665123
336465783 861021531
336465783 233665123

85295453 395870394
145174068 468703136
145174068 395870394

315634023 635723059
106596977 490175108
315634023 490175108

59961394 54145816
59961394 89018457
28561071 54145816

131176230 653377374
131176230 607790171
72427041 607790171

608413785 756898538
517747628 459797248
608413785 459797248

80978201 30146042
80978201 38664371
149798316 38664371

412776092 324972892
412776092 424268981
260655588 424268981

137806863 42999171
137806863 6499768
18258955 42999171

402370166 54496881
511702306 54496881
511702306 84420926

233090509 41356669
572660337 159126506
233090509 159126506

34341670 84353895
100661314 433925858
34341670 433925858

939819583 1100546
939819583 865691
119259648 865691

610515435 585990365
610515435 174323385
153313173 174323385

467946188 107813133
477171088 356426809
477171088 107813133

780695789 709393585
780695789 499715481
491705403 499715481

752392755 314870260
549214422 474612400
752392755 474612400

120848385 843993369
120848385 296223274
411549677 296223274

1 0
1 1
0 1

2 0
6 0
6 1

68 2
49 2
68 0

330573318 56690263
35060062 603570493
35060062 56690263

402724286 485560281
959997302 107649160
959997302 485560281

194953866 894429690
169274578 158487239
194953866 158487239

177724267 8639737
177724267 270744730
221558441 270744730

114738098 690387
114738098 7905772
92977305 690387

610120710 498777856
21583857 791698928
610120710 791698928

255179498 522532257
72075088 522532257
255179498 524872354

269455307 703964684
82950912 703964684
269455307 192099256

160051529 31061285
112805732 31061285
112805732 40332872

378409504 515530020
378409504 26773308
199620254 26773308

143347213 4297113
409959709 4297113
409959709 77486716

200747797 289700724
200747797 168002245
113403633 168002245

90155839 439493452
150122847 2269747
150122847 439493452

111537764 338888228
111537764 622597489
231192380 338888228

147469842 438792351
147469842 269441500
141527089 438792351

13628669 116087765
13628669 39237149
142757035 39237149

8936988 387346491
6321447 982275857
8936988 982275857

350322228 77985204
350322228 841148366
209098719 77985204

473165004 186452552
473165004 39636468
771151433 39636468

187594922 213975408
187594922 128448265
476153276 128448265

653468859 130794396
653468859 53539693
585567170 130794396

76065818 203599252
605908236 350573794
605908236 203599252

0 1
1 1
1 0
